Dataset,Solucion Greedy,Solucion Batching 0,Solucion Batching 1,Solucion Batching 2,Mejora Comparativa Greedy-Batching 0,Mejora Comparativa Greedy-Batching 1,Mejora Comparativa Greedy-Batching 2, Tiempo Greedy, Tiempo Batching 0,Tiempo Batching 1,Tiempo Batching 2, Diferencia de tiempo Greedy-Batching 0,Diferencia de tiempo Greedy-Batching 1,Diferencia de tiempo Greedy-Batching 2, 
input/small_0.csv,36.9,29.3,30,30,0.259386,0.23,0.23,12564,162512,102186,117195,12.9347,8.13324,9.32784,
input/small_1.csv,42.4,32.4,33,33,0.308642,0.284848,0.284848,9288,103859,93069,73642,11.1821,10.0203,7.92873,
input/small_2.csv,65.6,56.9,57.1,62.7,0.1529,0.148862,0.046252,9478,126272,117576,115612,13.3226,12.4051,12.1979,
input/small_3.csv,29.5,23.7,24.4,24.4,0.244726,0.209016,0.209016,8997,92828,113377,117406,10.3177,12.6016,13.0495,
input/small_4.csv,33.9,30.8,33,32.2,0.100649,0.0272727,0.052795,10661,94742,114580,95814,8.88678,10.7476,8.98734,
input/small_5.csv,63.6,54.4,56.7,56.4,0.169118,0.121693,0.12766,10550,119099,100704,92447,11.289,9.5454,8.76275,
input/small_6.csv,44.9,41,44.2,44.2,0.0951219,0.0158371,0.0158371,9979,101255,110382,120081,10.1468,11.0614,12.0334,
input/small_7.csv,56.3,46.9,47.1,51.9,0.200426,0.195329,0.0847784,11171,134949,113558,172151,12.0803,10.1654,15.4105,
input/small_8.csv,38.1,35.5,36.2,37.7,0.0732394,0.0524862,0.0106101,9538,122796,103558,86957,12.8744,10.8574,9.1169,
input/small_9.csv,58.1,49.7,50.5,50.5,0.169014,0.150495,0.150495,9008,115912,88490,91997,12.8677,9.82349,10.2128,
input/medium_0.csv,408.7,329.5,349.8,353.7,0.240364,0.168382,0.155499,245802,8.09806e+06,7.45818e+06,7.72632e+06,32.9455,30.3422,31.4331,
input/medium_1.csv,380,344.2,365.5,367.2,0.104009,0.0396717,0.0348584,447609,7.31175e+06,6.8011e+06,7.84486e+06,16.3351,15.1943,17.5261,
input/medium_2.csv,307.7,241.5,255.6,262.4,0.27412,0.203834,0.172637,233157,6.59165e+06,6.18287e+06,7.02708e+06,28.2713,26.5181,30.1388,
input/medium_3.csv,380.1,317.4,329,350.6,0.197543,0.155319,0.0841415,237747,7.81188e+06,6.20783e+06,7.39977e+06,32.8579,26.1111,31.1245,
input/medium_4.csv,279.2,234.8,254.8,261.7,0.189097,0.0957614,0.0668705,235683,6.28107e+06,5.59915e+06,7.15634e+06,26.6505,23.7571,30.3643,
input/medium_5.csv,398.5,341.7,354.2,359.7,0.166228,0.125071,0.107868,227046,6.52086e+06,6.94648e+06,8.24535e+06,28.7204,30.595,36.3158,
input/medium_6.csv,323.1,250.9,270,287.3,0.287764,0.196667,0.124608,228479,8.19518e+06,6.01547e+06,7.55343e+06,35.8684,26.3283,33.0596,
input/medium_7.csv,325.5,260,286.4,298.7,0.251923,0.136522,0.0897221,222978,6.55025e+06,6.25881e+06,6.76381e+06,29.3762,28.0692,30.334,
input/medium_8.csv,271.3,227.6,243.3,246.4,0.192004,0.115084,0.101055,245160,6.53408e+06,5.55129e+06,6.58555e+06,26.6523,22.6435,26.8623,
input/medium_9.csv,299,258.7,271.6,275.3,0.155779,0.100884,0.0860879,218129,7.17706e+06,7.92363e+06,7.17321e+06,32.9028,36.3254,32.8852,
input/large_0.csv,917.9,706.5,737.2,744.8,0.299222,0.245117,0.232411,1.27164e+06,5.03547e+07,4.67941e+07,5.08541e+07,39.5982,36.7982,39.9909,
input/large_1.csv,988.2,773.9,831.3,872.4,0.276909,0.188741,0.132737,1.24744e+06,5.16314e+07,4.64249e+07,5.444e+07,41.3901,37.2163,43.6416,
input/large_2.csv,736.9,599.5,658,676.8,0.229191,0.119909,0.0888002,1.23233e+06,6.26471e+07,4.49735e+07,4.72367e+07,50.8365,36.4948,38.3313,
input/large_3.csv,844.5,730.9,759.8,767.8,0.155425,0.111477,0.0998958,1.35051e+06,5.37826e+07,4.67584e+07,5.21521e+07,39.8239,34.6227,38.6165,
input/large_4.csv,844.2,727,751.2,756.9,0.16121,0.123802,0.115339,1.41817e+06,5.44174e+07,4.80028e+07,4.22736e+07,38.3715,33.8484,29.8085,
input/large_5.csv,795.7,635.6,680.8,688.2,0.251888,0.168772,0.156205,1.28588e+06,4.55324e+07,4.14677e+07,4.62639e+07,35.4095,32.2485,35.9785,
input/large_6.csv,793.7,676.1,703,721,0.173939,0.129018,0.100832,1.27613e+06,5.63625e+07,4.95269e+07,4.31162e+07,44.1668,38.8103,33.7867,
input/large_7.csv,867.8,681.7,727.7,732,0.272994,0.192524,0.185519,1.24544e+06,5.76363e+07,4.12298e+07,5.08699e+07,46.2779,33.1046,40.8449,
input/large_8.csv,944.9,825.7,874.8,890.2,0.144362,0.0801326,0.0614469,1.34751e+06,5.51594e+07,5.63717e+07,5.96974e+07,40.9344,41.834,44.3021,
input/large_9.csv,762.2,659.1,690.9,698.5,0.156425,0.103199,0.0911954,1.29928e+06,6.03352e+07,4.29834e+07,4.78457e+07,46.4372,33.0824,36.8246,
input/xl_0.csv,1655.3,1371.2,1428.2,1454.5,0.207191,0.159011,0.138054,5.85506e+06,2.87088e+08,2.3613e+08,3.12919e+08,49.0325,40.3292,53.4442,
input/xl_1.csv,1605.1,1412.8,1468.9,1482.2,0.136113,0.0927224,0.0829173,5.76557e+06,2.38557e+08,2.02203e+08,2.50267e+08,41.3762,35.0708,43.4072,
input/xl_2.csv,1486.9,1270.6,1336.2,1329.3,0.170235,0.112783,0.118559,5.58963e+06,2.6121e+08,2.18226e+08,2.7248e+08,46.7313,39.0412,48.7474,
input/xl_3.csv,1390.2,1174.4,1234.8,1255.5,0.183753,0.12585,0.107288,5.02254e+06,2.91541e+08,1.99054e+08,2.41571e+08,58.0465,39.6322,48.0974,
input/xl_4.csv,1467,1291.7,1333.7,1341.3,0.135713,0.0999475,0.093715,5.05374e+06,2.44912e+08,2.05408e+08,2.63376e+08,48.4615,40.6447,52.1151,
input/xl_5.csv,1441.5,1255.4,1314.3,1328.1,0.14824,0.0967816,0.0853851,5.19269e+06,2.43851e+08,2.49059e+08,2.32093e+08,46.9605,47.9635,44.6961,
input/xl_6.csv,1737.4,1521.8,1591.5,1603,0.141674,0.0916745,0.0838428,5.29981e+06,3.00025e+08,2.24434e+08,2.55374e+08,56.6106,42.3476,48.1855,
input/xl_7.csv,1705.1,1417.4,1497.6,1499.1,0.202977,0.138555,0.137416,5.38955e+06,2.42113e+08,2.70117e+08,2.20285e+08,44.9227,50.1186,40.8725,
input/xl_8.csv,1512.7,1243.5,1316.5,1315.1,0.216486,0.149032,0.150255,5.17189e+06,2.83483e+08,2.17186e+08,2.34442e+08,54.8123,41.9936,45.3302,
input/xl_9.csv,1531.7,1309.4,1370.5,1384.3,0.169772,0.117621,0.10648,5.49945e+06,3.11471e+08,2.23228e+08,2.72295e+08,56.6368,40.591,49.5131,
